0.06915097963887822
0.08067614291202459
0.08106031502112947
0.10910487898578564
0.15251632731463696
0.15251632731463696
0.09258547829427584
0.14175950825970035
0.1479062620053784
0.15597387629658085
0.09450633883980022
0.08528620822128313
0.12754514022281982
0.11025739531310026
0.16596235113330773
0.1371494429504418
0.10103726469458317
0.08221283134844411
0.1390703034959662
0.12562427967729542
0.17864003073376872
0.16596235113330773
0.13215520553207838
0.11256242796772954
0.0768344218209758
0.14867460622358816
0.07414521705724164
0.08682289665770265
0.09066461774875144
0.0948905109489051
0.07414521705724164
0.09565885516711486
0.0968113714944295
0.09565885516711486
0.1279293123319247
0.07760276603918556
0.09796388782174414
0.0987322320399539
0.11486746062235882
0.14329619669611987
0.11448328851325394
0.10334229734921245
0.142912024587015
0.1098732232039954
0.15482135996926624
0.16711486746062235
0.15981559738762965
0.1847867844794468
0.17518248175182483
0.180945063388398
0.15482135996926624
0.09181713407606608
0.08567038033038801
0.08221283134844411
0.09988474836726853
0.1114099116404149
0.15827890895121013
0.17748751440645408
0.12331924702266615
0.17249327698809067
0.18632347291586632
0.18555512869765656
0.17479830964271995
0.1828659239339224
0.18248175182481752
0.17710334229734923
0.1498271225509028
0.16634652324241261
0.21129466000768343
0.19631194775259317
0.17710334229734923
0.09565885516711486
0.08490203611217825
0.08490203611217825
0.09373799462159048
0.10641567422205148
0.12178255858624663
0.0948905109489051
0.15021129466000768
0.15405301575105648
0.17095658855167115
0.1736457933154053
0.1386861313868613
0.12408759124087591
0.10334229734921245
0.08029197080291971
0.07606607760276604
0.08221283134844411
0.0948905109489051
0.10679984633115636
0.1060315021129466
0.18555512869765656
0.11064156742220514
0.11256242796772954
0.10180560891279293
0.1225509028044564
0.1828659239339224
0.1959277756434883
0.1897810218978102
0.1867076450249712
0.12562427967729542
0.1133307721859393
0.1244717633499808
0.12063004225893201
0.10910487898578564
0.10295812524010757
0.10833653476757588
0.10449481367652709
0.13599692662312715
0.1897810218978102
0.19323857087975413
0.19515943142527853
0.12946600076834422
0.09412216673069534
0.09296965040338072
0.09258547829427584
0.09757971571263926
0.1444487130234345
0.15328467153284672
0.1571263926238955
0.0914329619669612
0.17825585862466384
0.1990011525163273
0.19708029197080293
0.1371494429504418
0.18593930080676144
0.1955436035343834
0.1974644640799078
0.1479062620053784
0.11678832116788321
0.09527468305800998
0.10833653476757588
0.08912792931233192
0.17134076066077603
0.1955436035343834
0.1955436035343834
0.1386861313868613
0.193622742988859
0.1959277756434883
0.1959277756434883
0.12869765655013446
0.09028044563964656
0.08144448713023435
0.08067614291202459
0.13138686131386862
0.11755666538609297
0.12485593545908567
0.1940069150979639
0.1371494429504418
0.14560122935074912
0.19669611986169805
0.19631194775259317
0.1367652708413369
0.1060315021129466
0.10756819054936612
0.10948905109489052
0.12946600076834422
0.11794083749519785
0.1352285824049174
0.1133307721859393
0.09950057625816365
0.08259700345754899
0.0895121014214368
0.08567038033038801
0.15635804840568573
0.12831348444102958
0.14636957356895888
0.14944295044179792
0.16404149058778333
0.15981559738762965
0.16019976949673453
0.1609681137149443
0.13830195927775643
0.19247022666154437
0.1959277756434883
0.1955436035343834
0.13830195927775643
0.12524010756819054
0.17671917018824435
0.14175950825970035
0.09527468305800998
0.12677679600461006
0.11870918171340761
0.10065309258547829
0.12485593545908567
0.09719554360353438
0.107952362658471
0.20130618517095658
0.09950057625816365
0.12754514022281982
0.12331924702266615
0.09220130618517096
0.08221283134844411
0.12331924702266615
0.11640414905877833
0.10679984633115636
0.0933538225124856
0.14137533615059547
0.16596235113330773
0.19938532462543218
0.08989627353054168
0.09181713407606608
0.0987322320399539
0.10142143680368805
0.09988474836726853
0.0895121014214368
0.10487898578563196
0.1479062620053784
0.11870918171340761
0.18939684978870533
0.20322704571648098
0.20130618517095658
0.1371494429504418
0.08605455243949289
0.10334229734921245
0.10295812524010757
0.07990779869381483
0.16327314636957357
0.19247022666154437
0.1990011525163273
0.11755666538609297
0.19477525931617365
0.20130618517095658
0.20130618517095658
0.0987322320399539
0.09834805993084902
0.09181713407606608
0.09258547829427584
0.09412216673069534
0.0749135612754514
0.058778332693046484
0.06146753745678064
0.07721859393008068
0.16058394160583941
0.19477525931617365
0.19938532462543218
0.11909335382251249
0.15251632731463696
0.1847867844794468
0.19669611986169805
0.14329619669611987
0.10026892047637341
0.11986169804072225
0.13830195927775643
0.11832500960430273
0.14713791778716864
0.1448328851325394
0.12216673069535151
0.14137533615059547
0.14406454091432963
0.15213215520553208
0.16212063004225893
0.09988474836726853
0.15674222051479061
0.1940069150979639
0.1990011525163273
0.10257395313100269
0.11832500960430273
0.1609681137149443
0.16019976949673453
0.09565885516711486
0.15981559738762965
0.16135228582404917
0.17518248175182483
0.13638109873223203
0.1901651940069151
0.19477525931617365
0.2009220130618517
0.06684594698424895
0.11064156742220514
0.12139838647714175
0.1628889742604687
0.08835958509412217
0.11217825585862466
0.11371494429504418
0.11755666538609297
0.1
0.101
0.1
0.118
0.094
0.097
0.092
0.111
0.093
0.102
0.107
0.107
0.123
0.095
0.105
0.108
0.088
0.091
0.103
0.113
0.102
0.103
0.115
0.119
0.085
0.136
0.11
0.107
0.097
0.094
0.12
0.104
0.113
0.095
0.09
0.09
0.077
0.12
0.112
0.113
0.108
0.11
0.112
0.106
0.087
0.104
0.111
0.107
0.075
0.087
0.093
0.123
0.083
0.108
0.109
0.105
0.082
0.1
0.11
0.126
0.146
0.144
0.122
0.119
0.121
0.121
0.127
0.159
0.211
0.222
0.231
0.231
0.242
0.247
0.244
0.257
0.243
0.282
0.288
0.243
0.268
0.302
0.258
0.243
0.26
0.272
0.318
0.256
0.275
0.296
0.316
0.298
0.274
0.286
0.312
0.297
0.293
0.321
0.333
0.3
0.345
0.332
0.353
0.361
0.324
0.32
0.357
0.36
0.34
0.338
0.36
0.373
0.36
0.37
0.365
0.373
0.359
0.404
0.377
0.389
0.371
0.358
0.349
0.356
0.389
0.378
0.36
0.391
0.359
0.328
0.383
0.351
0.402
0.399
0.393
0.402
0.4
0.405
0.396
0.402
0.363
0.415
0.397
0.37
0.347
0.411
0.414
0.412
0.429
0.428
0.413
0.427
0.407
0.389
0.422
0.417
