2.927189826965332
2.526615858078003
4.930436134338379
7.385164260864258
9.776817321777344
12.293288707733154
3.22381591796875
5.970632553100586
8.604475975036621
11.224565744400024
13.899784088134766
16.890556573867798
19.519166469573975
22.23538112640381
25.095342874526978
27.771289587020874
30.533658027648926
33.364508867263794
36.25676989555359
39.005605936050415
41.787774324417114
44.52174758911133
47.23762559890747
49.95204448699951
52.53615999221802
55.207966327667236
58.12369251251221
60.58032703399658
62.977906703948975
65.32029438018799
68.10262489318848
70.79131150245667
73.29347968101501
76.25887775421143
79.25725030899048
81.78430914878845
84.41964030265808
87.0194354057312
89.78374576568604
92.60148096084595
95.4576940536499
97.97546362876892
100.69392037391663
103.40689182281494
106.00088500976562
108.54777884483337
111.38393640518188
113.95889782905579
116.72195816040039
119.68005657196045
122.67408633232117
125.31544947624207
128.16106414794922
131.53232669830322
138.38686990737915
141.95103526115417
145.129150390625
149.07813215255737
152.51634860038757
156.54908990859985
160.23507142066956
163.12636947631836
166.3718605041504
169.3392527103424
172.30067372322083
175.0938115119934
178.1471676826477
181.51150560379028
184.44185829162598
187.4029369354248
190.4147391319275
193.41761755943298
196.75018572807312
199.90183973312378
203.0731942653656
205.96657991409302
2.950094699859619
6.1926727294921875
9.537662506103516
13.192944765090942
16.906747341156006
20.613919258117676
24.391620874404907
27.792346954345703
31.421791076660156
34.43502950668335
37.34762239456177
40.17355275154114
43.17005920410156
46.26661443710327
49.3957736492157
52.33106064796448
55.519217014312744
58.692030906677246
61.575894832611084
64.59123158454895
67.84781885147095
71.01524567604065
74.07277846336365
77.08025431632996
80.04140853881836
82.99911785125732
85.94043612480164
88.93615198135376
92.05842590332031
95.13671684265137
98.17877531051636
101.29309487342834
104.39356780052185
107.31916642189026
110.34843754768372
113.26899337768555
116.3175482749939
119.38381266593933
122.38795185089111
125.45991325378418
128.48698043823242
131.7334656715393
134.86462950706482
137.7267985343933
140.86685252189636
143.7695791721344
146.5835030078888
149.30960202217102
152.22034335136414
155.12166213989258
158.0534267425537
160.8545277118683
164.00874400138855
167.29627513885498
170.17853140830994
173.08744502067566
176.01531720161438
178.9562680721283
181.92403030395508
184.76254725456238
187.71193313598633
190.43644785881042
193.21606707572937
196.62004113197327
199.79655265808105
202.8403241634369
205.7541892528534
208.9667031764984
212.1928632259369
215.1942582130432
218.0076539516449
221.0009925365448
224.07424235343933
226.95794320106506
229.81250834465027
232.84398531913757
235.91615056991577
238.91129446029663
242.26682567596436
245.42377734184265
248.34793186187744
251.3433117866516
254.26684427261353
256.9284076690674
259.7282872200012
262.2096381187439
265.00142431259155
267.9811317920685
270.8990385532379
274.0349953174591
276.6753566265106
279.4083662033081
282.16861629486084
285.1042001247406
288.39359068870544
291.92172861099243
294.9972176551819
297.9679958820343
302.3948905467987
305.1593680381775
2.6998519897460938
5.426948308944702
7.937926769256592
10.786391019821167
13.823294401168823
16.986419439315796
20.098092794418335
24.769933462142944
28.196752309799194
32.02525472640991
35.91516971588135
39.54603981971741
42.647005558013916
45.671876430511475
48.56121492385864
51.44851779937744
54.43159747123718
57.428982973098755
60.8928120136261
65.62836265563965
68.84991312026978
72.0912013053894
75.258127450943
78.22797274589539
81.43890142440796
84.64182567596436
87.73562359809875
91.00174760818481
95.10382628440857
98.32917332649231
101.6726005077362
105.34699440002441
108.50210428237915
111.69654750823975
114.69361448287964
117.76078867912292
120.89804077148438
123.62800550460815
126.65037870407104
129.3821141719818
132.0155792236328
134.60567903518677
137.76509737968445
140.9712061882019
143.80344486236572
146.58324480056763
149.2637984752655
151.91432213783264
154.54421639442444
157.33605694770813
159.91252326965332
162.50208234786987
165.1771433353424
167.981379032135
171.63716173171997
174.38028573989868
177.29092717170715
179.93072247505188
182.3724684715271
185.39367961883545
188.13626670837402
191.17335200309753
194.0019335746765
196.66269659996033
199.30634307861328
202.10887598991394
204.96011114120483
207.62555193901062
210.30006217956543
212.87119674682617
215.38315796852112
218.263014793396
221.21897196769714
224.12346982955933
226.9122190475464
229.8799750804901
232.7615020275116
235.7036235332489
238.89180946350098
242.00700855255127
245.00807094573975
247.8149220943451
250.6226508617401
253.1025676727295
255.989084482193
258.8562288284302
261.82960295677185
264.84432101249695
267.84944891929626
270.7832474708557
273.6976692676544
276.7210409641266
279.58793234825134
282.25829577445984
285.23520731925964
288.2391436100006
291.21811604499817
293.9924829006195
296.9613230228424
299.85252380371094
1.8575139045715332
3.8175675868988037
5.526141166687012
7.191028118133545
8.994005918502808
10.839366674423218
12.626163005828857
14.610545873641968
16.418561697006226
18.09280228614807
19.926827430725098
22.038512468338013
23.922406911849976
25.71584677696228
27.464284896850586
29.285019397735596
31.157111167907715
33.02011728286743
34.78805136680603
36.4880805015564
38.357274293899536
40.20931100845337
42.14941740036011
44.28381872177124
46.59099793434143
48.895973682403564
51.97349762916565
53.97494101524353
56.056347131729126
57.99675965309143
59.83177590370178
61.80092000961304
63.85386562347412
65.67453646659851
67.62672328948975
69.52077746391296
71.71937894821167
73.62620234489441
75.92762589454651
77.61098504066467
79.67141342163086
81.2765245437622
82.92352437973022
84.5545768737793
86.15825939178467
87.79901242256165
89.50066232681274
91.234689950943
93.28538656234741
94.99094343185425
96.47760510444641
98.0075466632843
99.81576609611511
101.51866698265076
103.16653895378113
104.87033343315125
1.929380178451538
3.563041925430298
5.07944655418396
6.794222831726074
8.679903507232666
10.419398069381714
12.229532957077026
13.943915843963623
15.83074951171875
17.547077655792236
19.23491382598877
21.103713274002075
22.970496892929077
24.762015342712402
26.414408922195435
28.049967288970947
29.965675830841064
31.539239168167114
33.1844437122345
34.855584144592285
36.6910560131073
38.43049502372742
40.07597494125366
41.81733012199402
43.722471714019775
45.40637230873108
47.03386998176575
48.741198778152466
50.6605749130249
52.30439066886902
54.10240387916565
55.88248610496521
57.82199144363403
59.44546175003052
61.22059345245361
62.93123435974121
64.89477801322937
66.68064570426941
68.57891750335693
70.4078094959259
72.35078144073486
73.99485301971436
75.81623458862305
77.52184391021729
79.41938948631287
81.21317839622498
83.06272673606873
84.7857837677002
86.82472229003906
88.82551789283752
90.61877965927124
92.40541529655457
94.39809942245483
96.11757183074951
97.90904378890991
99.69262886047363
101.73181939125061
103.54594826698303
105.54831767082214
107.18058967590332
109.40696811676025
111.13073873519897
112.79914855957031
114.635409116745
116.67595958709717
118.70671081542969
120.76074147224426
122.6414749622345
124.74848699569702
126.37139630317688
128.04067397117615
129.74667239189148
131.62177562713623
133.29220461845398
134.89547967910767
136.70336866378784
138.69546484947205
140.57758808135986
142.37411403656006
144.2041175365448
146.09115552902222
147.7547731399536
149.5332236289978
151.75166034698486
153.75839519500732
155.38145875930786
157.07349300384521
158.91263365745544
160.79771494865417
162.53604912757874
164.33536791801453
165.97764611244202
167.83037495613098
169.36027264595032
171.02895426750183
172.70187091827393
174.6205427646637
176.22960901260376
177.85296201705933
179.53513932228088
